1562
13
1347769694
210205689
242381487
2016849402
2060363887
510462638
1684224991
384795049
2097978813
820056869
1420888739
2034959116
835004758
743931076
2025068735
2016733878
927051901
706616562
1016552149
265888365
75817613
1537018388
1850262094
754869860
1473006239
69688911
639798946
1155489117
638497482
323876860
1315183324
1986267176
534082550
1557564811
1855632930
446962789
2068027450
1392374273
831757838
2018522615
64947495
105162929
1905998083
899952253
849094005
1783583170
769202483
1776145906
342716084
1785754633
2042034271
418533698
1175289373
1744812717
1173403558
500811965
1814501629
1813202504
1656301082
305515463
2137079364
824000759
144298991
523678266
234081922
1999931921
970641055
154625724
1244822546
1802398893
25664691
1309770041
1907561822
1931662775
62238646
609172179
1567762297
831441130
237834437
1910478382
469712115
132385061
181528432
1645001488
1877197778
1354931990
2145813453
1544215759
1020650846
1654630888
1849731222
1010246562
331147999
1994030213
1533924829
565229921
1846478486
357082236
719855646
943817385
11997482
745520337
106103778
1919559304
529699464
168342425
381247836
2097461762
999783555
619082273
1860456496
1469495670
751467334
2041984928
967013510
481181465
1249433270
965343316
2025397224
122600468
472490556
1727644799
1132847030
803638555
1574191364
519288211
1368868476
1273186203
876370448
2088724122
69519940
888367930
686760812
175623718
660443586
1216460276
343966143
1041691422
1166438390
1343749698
1660773696
879411238
665761720
264757382
773912518
1632775231
745938847
2023345788
450634899
623852424
2145946256
923125455
204013575
1131309639
1726764010
1778204939
1650597850
948148838
903907494
379484650
889389313
973427434
1267852580
1576150125
1149051153
1928296167
645126753
1493017296
822503941
1811565144
689283347
335793989
543492734
1355045067
600551372
1317405253
840336650
1346490219
1193267393
1290971549
1970342643
1191730002
66613356
26872570
175555993
1793377366
1805077510
1826153843
594042557
561501356
58154846
1483431870
1534928791
1326007426
912098347
536496296
1106819945
1557225100
2029513592
1929323887
1221306596
571313291
117634228
1764799331
1926358359
718185600
934720936
619211361
2064675820
2127988329
1910182911
1887534815
1172234683
1976796267
1914407386
1347790676
1622689986
1572001248
1026460872
69248895
2133502604
1084615718
1552680765
1520947747
263139496
317295464
2057444043
1369959442
1874520564
1939473988
1151799681
948343513
363303631
1269433909
565659196
142178342
1987619510
1500380132
761389704
1904811682
1480884813
524088967
1644862849
505635849
353401586
1411786587
1853426525
1976091572
836304187
732403749
2045340467
822323144
1817019467
1450537584
195787243
2080158964
1767833048
105747639
1302634758
1494869965
2045221627
306950791
295729830
261041610
1576384700
861389026
403219953
1416520562
214285510
1164609657
1173848596
1695170323
1688698624
671227798
53322524
2042100210
2083014385
1906749050
1870708135
771834925
491669151
1768564954
1594158069
161204971
1071618891
1789945312
93880287
691968291
1895692951
1396515045
39354608
1793430930
1703465836
335084438
2054472541
1132366888
1196473464
310208846
401403803
1410758974
1474818503
1575252399
958445650
1016033479
98996549
1011768174
910650041
34527287
771033576
633874528
806362212
1262702728
254955835
253036633
1423907699
1326574726
2042981945
1517787986
2018543017
1791191249
766819383
2057897626
1437138531
322801571
245498416
1344127424
1455168459
1441971881
1654336270
1856572262
705247207
981671125
1284341014
1663692857
1997704604
1383337563
527977384
760870998
1417864850
1299010960
1394745526
76743414
414230040
1649701361
329780047
1838137739
828792439
225278345
1208442077
699851809
2016469594
1975261460
610265787
1306124477
150579383
855764203
502768254
1605747843
150252436
9620876
1314836457
855499644
991292002
451693823
371708853
841512958
1835031387
899686237
1602383956
1105412589
51213550
849645835
1182156004
465443590
351863548
1511936051
156097682
1180655988
1737214396
1364539759
1880507797
1606200342
1192317572
343289936
764841172
1342896955
1199054139
1267609426
801161150
1349306576
1277230302
2115997608
57322572
121038656
420207783
429031425
962551615
107755522
1328717663
417451923
1213168112
1379931213
1267097758
247840468
1845374803
1618961307
1759776519
2001472485
652133647
1349507268
1218528597
385157796
808223962
263362521
728447732
1573065134
1606259476
1927501871
693190912
259936979
1129324799
1970421215
228450939
1186647371
2091459871
648658722
1615678797
906527838
756414245
796912812
1323979762
1969582357
29360377
443593872
69939177
1874735180
2062555179
1829715696
1728724018
567205178
1031739316
799768967
952362974
1839963279
1063131488
1680810706
1265544765
521907316
1460828930
1958735678
781844295
442670081
1781673245
1010295234
1629317453
1725649468
1658953957
1097512602
484693659
267884554
1894425414
1808673421
89983263
1923785791
104783645
159922440
1651037323
19855177
1989638136
1232277693
587060355
873893805
2032046660
1539423330
566373436
947694500
1072750388
1831918201
1469601817
386095670
1643170231
103962464
828765752
1277359828
1114257699
310599557
855525649
625728008
1408112159
1340219308
893612562
1155053925
1001409081
983595825
931356068
1106192726
1143518265
434909743
1126047903
985672753
1667187437
1713108259
1859566558
1551750449
1105047941
278456346
351961302
30314681
2110374548
1821563119
416410352
1606061131
1925525583
1245176104
735937312
892299634
1555775661
1591462961
1518027642
816404172
784198621
264156556
1971458097
1785607702
1247752381
755330517
744316780
243786998
1190240260
1870364684
1229459752
709944049
1435989295
941542662
114210851
393553588
1219999009
466172153
423868269
1182889909
140251624
840278621
641467392
2065777207
2085454725
1377404704
810593194
1493746738
821384017
181137188
162667262
1605582638
445293745
2134125359
1243706692
1693046126
741972228
1988023473
1936833125
1932212489
1710904509
1018809229
494672890
999410156
1960351891
608883741
1392963744
1032867252
1075055894
1816832013
68273513
1215307518
509626987
709740906
1133601078
447598064
2087145610
1944194272
1941344803
761045980
2125331460
2104012065
219144970
423141557
2090653777
1462851663
2116187684
685142357
1303391488
1905537161
469871198
866812349
776862742
964544089
1866222505
589730985
1573427830
1111702601
1622598238
501000077
781050966
1690871751
1716307595
1290677953
253129009
702425025
1738276018
192790972
499135649
1532137173
953836952
476983462
1488665590
1172981922
900125019
1431835719
488349937
868829055
2116978077
1791741425
626882568
439365627
511070126
1403745310
1403909716
229808983
1993476296
829853899
1341511584
1468590886
1330853976
2122562551
1011978989
899677923
1265756856
1265107999
1602102949
856549226
1457898971
2101238598
241202751
264252275
430738412
1729868342
1437234197
1330863432
1014220413
1925584135
52208839
983714842
1569841912
679091408
1423080470
2080912039
2082836718
679506538
163237374
1928829366
1509360437
1504748959
1249936604
692730765
1479827862
114431946
1592408689
598101070
1379539945
1047027990
1454650297
689955268
1000782940
1695853048
954207543
1431521353
1278237742
243958092
614901137
144974508
22058579
667109976
1128689350
1591900492
1346201384
404286172
1525328883
1281554455
1083792711
1688566257
1062900173
445669500
1045831568
165353130
1138400266
378175782
279785076
583325307
976276853
1659325021
1630353297
283443502
201796641
483652589
1979296550
1156004184
1915173942
1110050645
1399962276
382591431
1255025153
1422020856
1049701408
236230855
866437700
248419144
640517028
244282935
1529973599
1724309739
1932849192
445390125
22495591
831197113
610743255
1160895857
1209372895
890528331
1744221164
38166100
402369704
1227090813
321609602
604166345
1710743403
153422505
1760170529
1478433697
1263473150
1012649157
1861025129
371014655
287186365
763242889
607245510
1153624065
1011662033
1247762538
1397907000
394151985
824588629
1183272545
839542110
847084221
2014469658
1450285365
2007980078
1076358905
193330048
1604717595
1114525006
595699752
684324760
1436134608
1199866097
247584515
1589557113
812552978
1726018213
705546615
1825202135
1439559694
1076561270
2112388501
55318935
1683806781
1118528918
1066980968
784085671
368952271
1461132953
1608674301
1552224816
153191415
308274874
1419210826
1603476780
168771304
348086083
1796806828
1773488899
1462611089
245022932
310330012
751262050
1444889029
557914527
193335515
109958359
136449092
898882131
1935160495
1576008786
1975443401
1900065348
1631327721
1511766534
871110618
550825042
148368558
1240062889
2011957995
1757042859
644804057
17665763
2065317733
2064014883
1621142543
86605389
264617319
1270465724
1860094289
1727228408
1515488656
22940653
331006810
812894038
580855180
524342326
922852397
717304273
1423224457
710529244
145829411
1251184210
463110944
1777157133
615467097
1334221563
180498527
763835655
426800804
44972874
373394866
1071604862
62638637
291228951
988136097
1683781181
377834340
1252753416
806763257
90444981
832498177
174768265
113385634
1163504987
987662303
694240815
1687847313
1910514701
1411545088
963588122
473560297
1557374499
67288685
936671242
1187047984
682755782
123409157
1367546511
1446591437
550209961
1412519386
1819986303
1621814823
1475158023
2111215254
462467273
1011455556
341565946
1715220689
1818218813
432010928
400235218
1992987079
545396562
1563740206
833165734
1239637377
1104103871
596196787
503698817
2067691994
1069757085
2061073317
2134980679
2006428327
1100637653
670252813
2129837484
320700517
2116844250
532563797
1733219903
1789346905
6894973
1060894278
1753078511
469362246
2072349835
2094644457
37099287
1743085000
379171737
437334506
1588588431
924568300
2001074712
274270518
16722029
957694935
870467305
520420847
877903281
1940224390
434010516
865400312
1799169069
1534648169
1535653125
1781522905
1855348686
1505013727
166603055
1441084941
1146876984
173498028
354495572
752471847
642860274
279361759
699632657
679959561
2022446759
1078804394
1117294067
1463551543
2003372694
970885131
1737822061
2020094724
1928580067
460805718
393031923
658999700
253546461
827042439
1524400013
2052715530
214206960
912569490
1686754788
2069555647
270099570
1853357843
1363156940
1416976554
2026855871
1717652512
21964754
522232497
1997014271
721597411
1202192058
1871977383
1800401805
172002478
1188045278
1656290852
1142887609
778383691
1528901928
923984028
1239189409
1921933851
1582983729
1492735870
601492642
959900094
1397967753
815699602
1872469584
937238893
737771601
2142569154
643113088
2100928542
1412062061
522485311
1671097406
1434026815
1044717808
1520628030
8140578
99426218
1245121765
1808542383
271428696
285683395
1317349587
1414316306
1064067086
698767867
190816686
155772847
473218070
1773800415
1648508718
1074710712
586216861
898992823
1890410315
311202798
1836231716
480698268
306288304
331861156
434143162
1718350365
854346467
2105240569
1004893532
1899064275
1478384951
1013034110
1998490493
576023068
674092846
122435542
861706463
1991442433
1536751848
1925773549
542726653
1727568534
2081546396
1015944723
1353885302
1582571466
2090655436
1940102163
334080641
1833582103
103821313
22828709
166796723
410109618
354689865
600939886
2128459983
1209036332
558696807
985869868
960616959
2037081758
1998903978
811623805
465621178
525513176
934059347
1327327641
369471962
323327547
1105617542
912198615
2050896081
1039680290
1928143338
1257297735
474768109
1871315126
1049916251
808848750
1557413581
1153737564
831677460
1724210305
1563847182
1186367325
177666543
1544823518
247920010
736363350
383209738
1208536969
625961460
234630068
2020160774
1091582638
760143245
806736473
271426631
1129615207
1130064020
1377044173
2041813822
1033476454
269240815
1822473512
143290541
744008924
1546304991
1193206792
1552857675
956234924
199460709
237051487
532961581
1763307891
1423418812
710628124
1160647761
1671338822
1446991474
1543857499
732392144
2072952934
1778487568
605069270
1017051924
391147165
1411805744
1288478555
1520762372
394386116
518039080
1415092546
1427862570
787279896
1090082410
1571153112
1531288820
488903753
616876256
936662847
1445138678
816336965
1173714334
1978100259
432161209
449649499
541244736
1592808970
2120988321
1988236210
989182822
705896817
1913705497
620186742
1310966088
783273773
1011333907
575288184
2071752329
384612631
969674300
442307761
1799705177
250053223
1229587657
742303939
1821206335
613392830
1231207693
290598943
1550055677
528862723
1106935909
576286364
359479334
1539097118
1025935863
900724070
984422440
999440536
741476633
1973605262
1705337354
507698482
446308356
868819794
1290972255
1457642263
1444107978
1215240936
1842254894
266298630
1657548698
1494476423
516351853
739652707
89296715
190074540
1353045537
1320504408
480673484
755617567
1849367131
1587609393
1331903931
61362817
979222863
210356146
962086888
1963645303
1209796682
1703563521
1789766918
767650388
63778355
88591626
1636470182
1354750610
1546233890
933094512
422507899
1241005136
1199393143
2080056597
587997912
1715744996
672225656
677294627
1905819537
2025271194
1997799035
239009373
633405113
1699682518
1826618766
1965309044
1761045335
658357981
28181542
575648575
474519636
1237978224
131728448
116802906
2005628613
195506803
205394533
1494615147
1550257414
1751628423
280226012
1972765313
845149911
1479619155
1905338262
1433147823
1047880503
430080270
2110442450
806216392
307867816
1960757837
1045225765
941272929
1512956707
724360883
759098325
1126518395
1382718864
787279867
1702166970
1857238501
2025258092
1833895419
1974041407
1883403057
2029402222
31952292
1230534556
1432175988
1783580715
1510760568
1257457653
481246979
842896075
1015312267
1914394802
1890776579
1445392538
1877353605
549509323
1753260354
1690627794
1594735089
547049636
1056100854
171612324
1306147961
35135601
1554331189
2093427829
1737302571
1264086042
1971202273
1423714342
1090643801
1707121682
1305632917
1122596094
790172590
590325257
758693161
153449511
1847782911
1239940140
996345586
715611530
1006851295
739638517
13520420
736721252
1289147841
1766780775
279865398
736399282
166346763
1335966252
908011606
1472494724
1371101853
314859147
1418438905
960920777
1578945189
1242157530
237151471
522105343
801795564
1542784388
1644701437
1591968155
2133109646
255910950
1745417666
1833408909
1495851091
594279604
401536791
355218738
1333918122
415057212
1091939990
475582315
34354339
1371805388
1211981597
200701102
560287993
2119993203
1673195826
1931389846
287368703
944151084
744826975
1866313892
38824966
981978447
240935587
840620531
377279187
1885637024
285105038
362905185
2141547975
2030522704
48830446
1489915418
477318660
450367238
1845134156
1811236782
865424450
789590498
139335449
899778789
13912238
1351317046
1100479891
574200231
1323826602
626192069
358106430
1611195305
1570343153
1102933405
1330025549
1609168120
2084911852
1570961137
302305003
314707392
1309114513
587410041
677612577
1303178840
470449097
726443024
645610610
947767757
1176810262
343261118
611520892
2042234712
1132851616
750856341
794529853
1146763855
2102173388
1895009744
1720964086
1278516342
373718165
2079070516
742227999
1944061319
1034520274
2072253548
1405745791
971948478
1495731037
1708050794
1286655870
657361903
147977187
1964268448
1960540743
618426284
543227824
458667706
1566194041
1720038086
801928824
30231285
1614789150
1934780441
781087627
261835355
934060648
735777367
9361451
507541086
2014293709
383079616
439127955
609038060
179657287
1473648229
533807960
1585403078
298113059
2029538998
1145970224
1584768930
539417253
1293947411
1401553730
352474348
1912373695
1944781554
811142054
1331084089
1517335992
1613070879
1361315374
984641494
1400367672
2142403001
1246476849
186944672
730696720
1255838300
694485758
597506781
1638917916
1133613713
1206544841
1818575204
459778294
1740352802
1256494634
757891354
1622408152
254981211
195176636
14341757
1548928622
1596730366
366816105
1313818670
1394028272
1177958160
497419111
763880616
643545391
1858734485
1748522110
2043913063
1853653839
847515311
83374087
436866911
2103353611
777859845
1034373693
1594787879
1911473559
93434886
1265879435
223768205
1833787688
374890422
981659559
1308712192
629871633
1176836195
1323053949
31316607
626082913
1689870055
1345135277
2020111185
720344567
1842554388
636508153
1363889958
1553805226
237546615
1260319373
1259975417
1085061926
1343693460
1696842328
1040931889
2121553305
583732373
488236121
1885543216
677167260
1754115556
2109311422
363471300
2129005978
943487333
1672183493
611393963
2120323529
847753794
642710571
