7646
7257
1310337186
1413426377
925011664
473570622
792733811
1004273479
1843727615
2080024523
607078763
464424601
1930947243
1392886524
219189217
1090034586
918590176
1392467558
646471557
1419086772
1820260219
1408661385
1542841881
958788884
1996366111
339021937
1264659689
2090244055
1802103811
798472672
241562529
1107827810
157380618
1551899715
373770539
1082392282
2025470337
1166504350
2086665762
1721714305
1099045225
546260877
38655258
882508820
1939147402
257844476
1972543406
710253930
1650312034
471531315
2129340702
1323088606
1880192700
1524698935
134393842
1729075164
1863720873
1399053531
1671835571
1518341036
50042556
1913398100
478685198
207423174
1317814167
852455737
1289815456
1195800857
2018960087
1228997570
770031514
970521664
1775258448
808686772
1853030484
1566922202
1066531248
1678090242
129692484
569359635
2137909
111549538
1892448241
1882330610
1636248473
2026842083
1463922126
1352485698
1278411966
988274049
723343087
1328454522
754188501
1202028285
1535877696
2072002668
2054484023
678209505
1120319877
1925960462
1907207075
1890351391
748998479
1534981875
551554516
454545315
954420429
1618085764
2132635558
1084112913
39961751
2134773467
1195662451
1932409992
1869620429
684427277
1811768427
1186058907
2036912975
942696746
26849308
612772414
123667620
781037809
1814800700
1659545317
705556830
1721801075
190271174
1825876707
1500277889
2097478249
1568744451
101792720
1484976477
2120298967
556338036
291913258
1590901083
541489946
1376026172
1630862835
528779765
424204975
1415789179
250916547
1108632252
1080073959
1436975454
998061580
2022770705
1463824763
1610833994
2146438325
97378924
1278151046
1658499994
802935754
852468473
1848771168
481328814
205262715
1798765770
2050073265
307055435
1136258599
2022888584
863393471
1428171857
1466306019
1404883417
656714381
949685206
1933663183
1080919357
217990738
37096082
42067961
1298064697
1474071536
1040129541
1173351754
790412651
503479888
1172306431
887791576
1781630934
683322778
1690727330
486615760
384610298
24572496
691878475
35892420
2074645761
998933910
1172151019
1950050697
1862327382
452839229
1268873069
1119727151
1109553610
71074627
905906686
42989319
289065365
943002768
85057281
1587130062
269590657
1125186822
612998168
1060003308
1628666710
1785304600
1947794884
1262813997
321143730
1491038567
1749429757
705754028
1515611063
293824584
741646449
1442773177
1292758494
1913797468
1245340226
1007602228
219153049
366729647
2127329380
1328706660
437804275
885752418
1371695979
726869640
1828755187
1456753260
166516055
2098345844
434456435
779514223
1010865504
2063123145
417335175
811176741
1178453494
738478905
154731660
780399603
1444232934
1670342723
1074224187
38395735
965632252
219499034
1952193203
63488831
1227101262
23862605
430218478
1206946994
1352569265
868022753
2092699413
576781596
1594892394
1773970952
2033534857
1761408449
1724833148
320507644
393439024
588215004
236147141
810774200
1399391745
1414600636
1549253105
1554123405
47516591
846002391
1076982481
1121740779
884398126
2042614733
1341239813
689107682
2106103564
420857427
712970287
388838395
1627804422
2065539552
1256861148
1573020187
494837500
704269894
1199507491
380888709
318194695
776856991
701396353
711633720
1365071995
937543495
1522407920
616980093
204660483
924177377
23619850
252177074
1770179769
1100602331
1373917853
507094247
995733417
567674018
1196201929
954353333
988531446
1909172216
1343191728
468852220
1827228120
452569229
2041872407
174581973
1156839123
1093896250
555470682
1475033819
1870753241
1256867036
39183891
1088341588
46926883
1561591811
1705321681
251587366
338285540
1728941532
503764440
2108465309
682060215
1877682294
468075909
1677793632
297872664
1664277838
484663318
1286404110
1425966407
1827855046
1755256330
1105710879
132940627
1649645089
1280292852
1289779751
596057691
1835763535
617329922
319327284
945146923
656513813
1407668873
992073806
70621976
965506906
1243661172
408907516
546964790
1747425612
369889178
1229025006
1477624258
837965087
759334990
1775496923
354759277
1243998308
914417385
1780725684
924369707
522190068
738952916
1057310334
24351509
2019245768
199606437
620409201
1707525655
816936359
939736485
505188930
1473450172
199921710
1497262736
1544072148
1165428617
593440260
1952979665
1712393407
193382225
175385195
793934765
1671006483
1013350282
1553269756
1299019758
1368109559
649784416
65953496
1001351596
1574154123
588143564
1740304512
483980810
612495073
1612066632
683587247
1232904274
1172108640
1500523607
25157112
1677297570
826490131
225078822
1027076659
223078632
1390507439
1620516919
28574649
955417199
1813899144
203959844
1749351964
1337421980
1217310126
1155138072
488958090
437936037
1804922489
554911586
1439287633
1231592964
1143055150
1032108497
1715573774
1755550224
496691482
251677374
840970850
1668800122
1752200981
866127962
1198614044
431207464
1091206785
78207055
654286096
334230576
1698723975
682860745
1289647775
1365139471
886820589
891516092
555077803
2104130715
2046654164
1044035894
394583105
1704093005
1598947480
1833870738
788202322
594518983
718495588
356292448
202585559
1215187070
607969822
1043556409
736503544
212687155
1909684372
1935117588
643894620
853407509
2013324644
1298180716
1187638085
1564564971
1981041462
329802213
782220794
720378403
1221318305
1337298598
677025471
1120488821
233850844
1071608576
677098179
1832798324
757995666
1465300501
279833659
1476491254
1821592949
482419218
544194676
282079124
1525975628
1280698220
494766279
1288176352
1068332161
1138660899
2141583861
934173157
289357968
1181738298
351254480
122915782
1511540511
1133475274
843294185
585375168
323290224
1520319656
1705863990
557141068
444444584
235478521
242455745
1202440251
1700779022
522289404
531447857
1374888323
1004708623
1075642534
1656967447
383200603
208857106
4250079
1671376955
1277189267
1142910978
1665477168
63878776
1432268946
699731818
415133256
1555184728
63788682
1548608531
250995266
649163850
1871898755
1771314922
207544192
281556176
68275859
443022713
524011921
1270716110
2143801735
1046301325
1802163967
1371206411
2051009948
730322853
880690210
286726903
939179960
884940289
1958103858
68885579
2027851268
1476097378
132764356
1312636566
28345549
547897612
720337647
92134231
2096506143
971332913
741298081
1820921251
595164187
948842274
2102477427
663440046
1391864987
479005700
1934156156
1388183075
1525307025
1588836476
611905838
1428833326
171675681
1492596048
1715560229
1110855641
230052690
1526180440
1179741221
110420310
854794170
1312505577
1423056876
883139719
1860403189
2143394523
975273950
1809425685
967243788
1716572032
1482863288
1562407976
517930658
1437857067
78364374
1909795645
1916862767
2012520531
1150495072
1294686144
1453873359
1762400910
576035822
1625549040
1107513311
144112404
588921034
1337566001
1670292844
1768662255
1447986311
377603366
933684184
723559539
1260743086
646603725
719470415
88533388
308545762
1686714203
1805105420
1791409050
1101638531
175552430
1081782469
1180002906
2085348076
851161588
1045039789
1088359500
2145847733
351429500
703276763
574399907
1976978540
1810790074
718512311
418415926
1000872427
241321507
39594533
301375090
618924874
973278717
1024934629
1879667960
1619882443
1744405044
1968201348
1928428205
1283635600
1625823121
1572353608
237790483
1801375551
506652429
1417793389
1739239979
1357814018
315349530
680115832
1356178103
666779030
1383392595
1930578010
496273923
1046699021
501606674
914689849
2047571448
742928181
954284383
201462890
1361853055
1927563100
1226397519
1094037367
1399961895
823318916
914755068
1180906453
2106954516
393094541
605776413
197261351
46986444
1112428842
1615054741
1786226424
322759212
1930404271
318858608
1678937315
449699654
1702251203
1462031678
945973577
601466576
1963638352
1860663426
501554376
559082885
667464161
703017266
1920935941
447543614
1929414785
867489660
1847505509
605250053
1782244728
880928314
564720921
27855621
1486704727
761982273
74842066
451649922
229553366
1861068490
774409134
12473989
32443450
305862802
462173643
1734694653
1767894480
1408147220
188677581
1584049184
1121326999
690231957
2143132069
1788791160
1393249223
1916584362
88851126
1175180360
636590375
1936356636
1780430414
271351455
669801302
197667687
299207077
9022382
959649960
374049143
460672304
1189203326
87633985
1235081438
1201677316
120077435
1540944240
1663850959
1854772088
1161355072
924514532
2043449669
597920608
2045841531
586197978
593569030
1687149043
1979447201
362669744
1776000170
1007143913
999260119
1564873158
640090679
1270611575
87190812
837758367
1569818652
96213194
1797408327
1943867795
556885498
839128006
2031501780
1791966937
2040805322
4095567
1185427529
1557172633
1858867655
199298954
334203517
1754833676
797219562
232561400
193548006
1390788592
1919710444
25511559
1753458337
1548226966
1032655472
605234808
965616476
1672746152
1875846383
1052807288
363020871
1298181387
1149020483
12945550
1094565534
1705905981
852073556
978583666
1350389270
745395230
982679233
388333152
155084216
694063240
587632106
489287733
301413268
1384851668
721849134
494961274
628156613
494075930
520472833
234131302
2042302896
1553128306
839366110
860435724
1078390810
567728846
1913243012
1441411681
1865910233
914779847
1454357231
812992120
473202181
158947140
1791575786
1823591451
904342370
626771372
64440955
1059426586
1320834612
652073061
1548714320
1622247881
2036924730
123079806
2117209155
517597695
617155736
490198341
751728997
511974984
2043326647
1591095107
1372410708
974233809
11340305
1138170072
268161842
1877250539
2052949920
1722519073
542759011
378668453
1881466213
186851149
54776256
638324936
813622521
119217212
1697751522
2134457134
771290273
1098982194
1609221367
660731355
1222062000
1578946874
1178329050
1839217736
2069145215
1930058047
203709072
1964988214
1373669507
1576119780
791738375
1385009812
566806205
1059900217
1114776703
472272477
634935643
1657535714
850940930
368918208
1844386864
905717186
1007243144
510525737
1024934398
557511019
497499223
1796224672
1656493213
2106720590
309472379
731071566
1538183817
1487801430
422805654
1459845384
1270375829
626514727
1277349951
496561688
55150859
2069088326
1881571501
621957064
981504896
848864556
1094229541
1616440539
358916623
1945170471
1985358747
55819839
703404010
845118244
566345576
1728338408
1402629263
1063844800
1377079432
911638828
1023081742
1686551812
1642710394
413781911
1026869594
2065516049
1873627296
149761775
544547128
1003493599
646323464
599697987
925098277
380411317
1221655052
1906603173
1229275873
168400945
1375560064
1588192496
2113571417
1213435164
1644012335
669491779
2058553408
62874264
250346539
1313699023
1126719064
1627425972
77854203
2317158
1166494136
1720564598
416099070
45880082
1638596999
142242718
195641857
35660479
1145736317
841965321
635358466
2070834594
1222376638
1857013518
1829954120
304168864
2025414464
1058030536
1892361360
1991502233
123982052
1388890048
513510364
35051812
1451764312
763856903
1348750835
430999728
243799227
1426605039
433316886
1410293363
999685989
849415956
1456173445
490799340
991658674
1651815303
526459819
2137394991
346296976
1161818285
2060745938
1568673615
871348156
1743216410
1872842479
749278972
653763298
1617720191
593297557
777745351
859126591
1106807921
812797163
163407255
1870664824
14064351
594406983
2114464052
1440669390
1027723870
1377273767
292871731
1877139826
685963565
783671071
721314853
190295220
1310130890
711226196
536592196
324465527
624488486
2105265811
1195813683
220221248
1830624642
1945092655
873984547
1300861186
390906564
1651729898
12504129
1497714485
317043413
175911385
1220895662
331107764
770318368
1187876066
1771777154
1798042238
417666185
2064648885
1527698417
1103629750
700836308
101529622
1293924970
2010967198
812755818
1830517167
187949078
1437244305
1788299330
1383762761
1657465553
1471440325
1181371769
383966452
624817863
1572278333
2035696350
637321992
922509171
205256116
813233377
2143404833
536363880
1583551746
1183797251
160657387
1234110336
1601463436
77822624
614325105
557609539
778658933
715854727
1851534509
642142483
1528610546
1534568028
830091561
818371203
1175383711
66370675
328353108
499340388
1247742444
712319561
1124158251
672537129
600532263
1761480243
1595046300
805788379
427229973
1590967485
1342152260
2010781719
627281088
1502809647
1097408407
81260877
1580632271
1711733513
638870416
211807556
280104592
342921277
853950040
1808715138
1877489306
1684041601
479602693
905389369
1750412276
807955802
1404729757
850671072
1520275363
381404360
1523208202
2120807626
2142884603
970770854
779112358
422630928
414254692
2121264618
285928999
1041535780
1476590617
1383337407
1122796657
909739240
947587272
1761667073
1121546797
1227691864
2104588351
1975496837
888923355
1834594009
1512054790
1368526048
592499730
1114983419
28998202
1997229487
1965654491
1549273565
231150199
1341379045
1522597544
226551154
164666252
154226254
649182083
578920944
128007224
935111082
1620456724
1604597841
170964841
595769734
366853433
1118552113
209953159
1488400230
198760330
167057862
1316413419
1087683685
2001651871
680984562
308726085
446667953
1795967981
337724288
296413792
1614138824
1886997853
527563991
808034222
1262111749
754115146
972700474
1416338003
1403297229
1551621418
1544345227
190924663
1024594494
1001459420
361889505
1620364228
1368312854
1480441618
1830317388
709229436
1679201948
1997375250
2025642856
619401985
1851543474
559143770
928128071
150727779
207628103
1265852359
447141572
1821766927
1005366564
974705563
482317501
119994666
1728820709
1455017975
1536332669
984634290
859155745
933194249
1175558954
1883750240
1934653669
1537448459
1356630820
1155482875
870406429
1039464560
1864712312
402124730
889356163
1742871520
1021526715
593415989
154531642
1949654786
744143768
362159745
1068023497
1191285340
36443024
2073390062
18507256
518760526
45901080
1747327965
1973778501
1582233749
584478608
685450599
367944350
1760037562
421717191
155114372
1150002373
1778348011
1310597247
2020408802
670328924
1027825911
275049884
1559685087
623213783
1296576600
5617428
777745425
1098747738
749761196
1139905170
19287588
1941046537
1176348195
2092677650
1959553793
1695108721
2138578730
1559398110
1521403574
1573328831
2143876718
59370525
1941273182
1756430632
481087716
2096387554
758949357
111952080
1259501153
631874512
782281004
139843417
906924396
194482443
763057200
56017348
200099871
1540802626
1154765087
949861067
533224148
1174052675
743423956
1709572343
1119246677
555494101
1257197416
1110341759
2114892212
631117343
536186942
2111285282
690487868
329976476
1720232267
1171575585
278880382
331697976
1283527665
1538381536
963572488
2065808669
1678224953
1870496885
112807464
293798505
1926514233
312907335
1834601131
933795672
1262768402
220341632
2107848347
2006192359
1929913975
1079611376
414202812
1039627744
42469487
381611376
1670745087
578656430
345413011
213749307
908632906
2065645278
1385324892
1187513289
249859606
521368909
578411177
1213432095
439693930
109152482
936445332
552501394
402950987
715475917
865408729
90068471
1649271590
2128177132
310410103
1609636289
1986885843
92840430
541764018
253605007
1132468174
584233505
635216384
655729613
1162889935
980629395
869478921
2071522842
898791025
107320165
1111552483
1148650631
628689075
1689963660
214599078
1068383005
1799116142
1151044410
1620884400
54583481
1866520328
338809481
144651952
1368308270
319502965
455062055
830460911
158905160
547902486
1372224929
412510168
1680370660
1956458435
1047726552
188616626
971864722
2028355947
1058095547
895903916
779663324
1165415712
2007456399
1928313955
1794104787
1549936411
2142913034
715004145
1201568905
1146473796
188404897
1256152387
865510476
527214378
1400804339
86335098
846717344
1855866395
916796010
1005622504
256285233
141537291
1418132672
1936655893
2097995726
318375576
2125272519
922376801
199247875
1035884418
1818280717
978911199
53816483
1678253469
759741507
1847921270
1080706232
755170893
415441767
134791490
1901644689
603846664
1390943877
619671518
1131061043
644264568
706006616
1977778387
352647315
1622802626
835917243
608932548
1764339918
106566268
398104794
1714851996
424941844
375893665
489745149
624189720
1411778084
160542219
1603100919
1465594567
1838795688
215358778
1166032189
772018272
970529671
1581473957
906809762
724690713
37836973
150269991
1344362231
1168898016
794534560
2050368847
999192755
1147181875
1525687826
1835109999
1756114424
1142544096
1941676267
6735570
709912444
219134463
382629235
1199657594
843324183
1794407319
1360199813
298941455
1112518238
1051511853
514300233
131066780
1823530125
1484829905
1712540737
582856240
62036970
1750377710
733126231
1406399201
771792079
1527660791
1309284400
1770984834
527359019
687488578
1458611185
135989795
1830032674
1252803804
142725365
392461471
1471938268
525354600
1592119065
167778803
172278272
804835230
466720258
1284796510
1856347083
981020492
1415863290
1532393560
318366749
980920379
2115249800
380403719
583814442
700892384
1786802920
1355606521
81069527
948603672
979107707
608428546
1636092251
290235245
744418341
1318641277
1543039049
887143706
1711102748
867493669
1412498307
1155738165
1035272473
1584776579
1960573395
1501992731
722089441
1669436830
335529575
2137952732
1054346743
653896324
971389463
1022112895
1034300043
1555203905
1723005279
673619315
763326778
1804074807
1622222988
1742434486
265019705
1110831591
2032669731
1009438047
281989220
1428225132
1896581753
1993091969
148235154
1161596412
1001346486
1183507627
598889343
814436234
538016710
1320978785
336389416
873546286
1311447869
1390736159
1527442610
135353684
265365407
414259006
1690557590
1988370686
1087878321
306400720
1644961845
562617661
2048835206
1909981551
1673449252
1934021289
771935950
1955438473
1214762774
521034055
1801046794
1362997928
1682630468
654909632
399021907
134036163
1469345866
937038617
1455014948
1805735283
1810584903
618979169
1048987794
1190543866
754332854
1314353201
1604802872
297406796
1155240240
545197545
603807516
652718437
1107815207
505159075
415216340
633780811
291696716
1187152290
441735636
1506459490
1708186346
95298782
721973770
1243333166
750208415
1120995677
1377369329
72070633
2058034295
684900630
1877805916
1721135550
1303879799
779310063
764195768
2058212653
2093663264
221514992
208135801
1101419856
766712538
811943318
1754138294
1874527745
1317102393
21870986
360824908
1608799109
1209023277
802560545
967774952
769725975
897859327
1689748722
2013059141
1648067742
663260752
1242944822
1720138376
573811399
1927845452
1450460644
147463301
1084241604
82287059
911659070
994970609
28466676
1133174062
1203106411
1129886532
1899886600
2015049729
736541178
1626930697
1184668474
758412165
1987755606
645983935
1967435442
642832503
1613758887
589677769
1540691830
1156023962
455253262
1041275925
1819284714
1698198084
613930653
245612465
1478559889
2064391297
393075766
415317845
2146678357
1304734836
1410288454
27661385
290425251
465911217
1157547917
42828203
333477298
1894089096
1669758901
1518145772
505017613
1510030859
16646060
324969407
5379714
1630404947
914647176
1546071544
638945261
1369900438
439863821
310746327
920614874
1053794474
556358792
251691115
970702124
949434559
667008960
969896833
106685747
2077297415
997558218
397110998
395724984
7622487
439939202
729202283
1901711583
2109698103
99864407
259245548
1472245314
116510467
584214955
1477625028
1746915415
1498862131
876212924
238377028
721278921
1316076746
549123356
1641893796
222387572
1105482148
1893584911
1193089696
2054916707
413110224
15502881
14118807
342923991
1013061099
411229805
738648975
1020683587
851169007
1467851258
774911522
813383462
1567715666
1034157071
138145128
1684226133
1618372026
1615770156
1283657900
969750510
344499433
1522034929
1691029431
1660576179
2071158285
1185439579
1882963751
1029156785
931540843
928569800
936589845
1344651067
944072681
950708652
1687575058
1957133781
1361938457
278740385
830333720
65623817
1746591644
1605245242
879007279
1166823662
491918665
1017152408
703566147
2110290692
485438916
1987224048
932557554
829938349
1361775329
476103337
343030880
1285449966
1661542917
78510984
167123103
445600112
1007080784
1103712948
1790251179
1951153465
2054421600
1330342589
1760803598
1268876410
1609082974
443653670
1334500227
1208190970
2048898913
66023858
227530984
393333930
1083176266
931097132
356140974
1568615183
770837532
1288698528
251069884
2132612861
1764801866
594100765
1270579179
1278861135
672611749
1437702282
1724461247
1679692533
393931583
1367228778
1483362350
300869535
550087719
1096682301
1569745945
11687045
1540335971
756762524
1219878016
1441751236
822786383
1447409000
1835085167
1905962649
231022484
43742493
1327094184
1001860016
1332441022
1578164069
986989229
949759240
24781186
110084760
81136727
697392935
1547787043
1805597974
229601820
1941718626
1025343104
1712964170
95104513
1575430823
662162823
1664850459
1587117868
55015147
274129335
659512236
1496766383
1096915718
2106921237
1184367902
855394720
190460073
1228110396
35005256
1192320090
413067770
1613169325
31825671
1362827010
1637950511
141910432
1443963737
187859798
1689697475
1102078063
417461618
1483932453
2127421167
2130425789
1579036966
1555368342
645104964
1096403777
995002562
700120111
1370533113
1654514799
49402847
319965183
1613952388
1233770749
1175359903
1804412461
314397497
1210365160
849248903
727465267
676050837
881074575
2090292277
166517701
1022985007
1386772366
354377499
565198834
341366781
771839118
2049131287
321304300
754781259
1480684605
1876672642
1399886223
429604735
724191557
2100006335
1800137848
231222708
1925534
2120103031
1845175096
1235696283
1147979287
1502103909
1550093781
210860799
203869165
130075400
886911636
1084943740
72884030
1053429337
2107928747
1459656396
1407806837
525643933
1801023178
32162307
427291572
2122327478
786943566
1907976177
1851516473
39346141
190097264
428224382
2139352476
1990235112
659447090
2141278010
1962854496
357138538
1229490646
963350135
1859242447
632100779
1174210934
2063111612
762176179
2061122570
1000571704
835060209
967068260
961016803
147232958
227391449
1486660736
1948256136
259553756
1913952308
1923099966
1046497322
1674444838
1627132791
1085843463
1864542102
2055357173
1077712292
1707293567
567320615
1071506654
1522664415
924459153
153513652
338530902
636217953
785614431
1512741836
551845917
1547790611
1426380758
1552417622
235367172
245965370
365950777
382600130
473356819
1852611514
183372618
732910575
1619080174
2106472585
1779407897
1146041364
1586121728
717767713
863099819
1493995254
1795480005
422909738
2061315869
719503011
1945574153
838291375
873016664
136621407
1474509328
1658631095
1649363243
2026355245
1058938058
928260353
1431289219
1294305231
1174225724
1797239997
1676905361
1647582543
1502367863
1860277980
233009471
973964389
1819266917
2012417368
2120005754
1257904997
582701433
835621925
604416603
230697790
1258531663
518248825
950200802
1056622168
1356540200
1823217466
1193243575
683565880
1334364913
695123170
562437477
245819324
1623383523
1993726697
1540124555
650125599
1643483046
1069546268
150224495
998367261
782340600
383233966
1972331650
454123869
248167686
1944853756
1712028867
830869120
632992033
168961822
1061566910
1891523696
687210647
2011767712
800662216
2043750847
1687501530
1993905791
579833079
874382796
541545313
1142270557
1120202120
17445189
988513606
512843027
667570788
484513004
1582389295
817795283
1482880265
217246248
1201029249
1307728267
671370117
1449196936
1105098376
235915336
132582408
1738090409
404877159
1194149318
1482130458
1092087806
1058433383
135309026
988355006
598451265
2129214818
1568188085
1472834061
523276483
562974994
445552533
540721672
1551488600
958395560
1208292461
2036001604
393301208
2026087744
1371398221
610547456
1079633346
531642841
1281917573
381346634
1636741217
1517832910
513929042
1227347978
1922710069
1708078360
561994788
867314227
619028095
697303815
1855669233
1217479361
679034985
1276373671
542829774
1202311468
1839348665
988382308
1743033141
1243353618
1946777868
803841954
1131871574
192595428
682446050
355786148
803142884
1762079396
887428989
2085060458
2143426030
376686558
1455409720
509871424
1604034536
1230636141
70466137
18545677
2097950368
689494232
715849492
1806135954
1906973593
1394884477
935025977
302319720
449712297
626890994
1290702028
45261790
1870244612
1089996248
849103744
854632539
1282591677
1531549795
1210418687
2085734561
1146145543
2097847676
2023311371
1142087926
327050586
1331237443
1651959350
1931085122
414389936
1722425487
1949630799
364856657
264436072
517996643
23508963
23926017
1912881120
958534940
326245737
215109770
1585425934
1616947765
260371560
1308186899
559460366
1109475305
15335790
1842052043
493541452
1225754477
1780302956
1639686995
1176118505
1656130680
634291273
1503169091
839884475
138766976
1286770565
1254274412
1861192463
1088917717
1619131069
2125628535
1606914360
1642640032
2070905
1372311833
453691324
328316642
1587421603
2039117258
1945264408
1847793163
1199820509
357241126
809784820
1215156299
51809521
1303326272
293427128
1832112477
795529620
1469545633
1340759509
1429820893
825231076
33160337
1568587869
2112001642
1287434749
1282296685
1053435711
759082170
1260441572
512866423
254238554
1262512477
1885178256
707929878
1590829120
1325116211
599563488
1388609880
1025425727
1799383998
1745851006
1835210547
867056649
1797660527
991053172
1160483778
1482289356
1786582792
482545763
675565218
1068920037
1307776840
708725555
490024259
1272294834
1996160304
1772320944
178246897
607758826
885278868
691113320
861997380
307698
428807929
1569927258
1591136818
1753924140
22007098
832263050
631866219
1821391096
430630408
319593119
540964098
80807287
1310646291
1701447876
1563096643
949745435
36509991
91178213
2018665472
1344286831
799903768
361206083
469098017
648580424
2133527027
647344914
1256339250
871322248
1338458235
2118336630
871629946
1767266164
1540780240
315283116
1373706656
1562787339
1147546166
2005572876
1236694787
1578176574
177682347
1777658885
1658983861
1488328638
1331623113
1074596856
290590425
1368133105
1165775070
161772249
564936288
1965678838
522978333
1034034306
466775615
509021712
1681379220
1723114865
1380343960
872353807
1693967848
104490258
492136323
1087264440
419773374
1865842980
502568131
1567319540
1723932208
1739262919
998012466
1901614555
1369438156
509512679
1242459545
553577622
1584109536
1533049970
1921710727
602400958
1694822219
339163367
420596148
70316904
1373197673
887371763
579338617
907093246
463002981
1959682577
1779447053
9487181
2064172836
124099729
1096751621
336462562
1989942709
1599319753
1903782103
1566391269
1191099024
754310921
1320522176
413053532
1263823601
415498073
966631154
700449489
1948548043
740858233
1302850447
1495886614
1080021601
1723446595
1566203519
305735626
463334711
2145542136
1212828872
926337692
1957741065
844792278
935824873
1874430253
968892007
2032576494
63409168
811351068
1484412599
1967191271
230258689
528027975
574018544
1550780865
941081508
1837842145
1966278938
1907712662
390807986
1767343333
501087248
1693658433
1115746299
1581108849
1269621381
534466170
1886844475
1732956092
532524658
952189700
511810136
342782076
1796981978
1447635009
69728681
618390337
1332727855
133137849
1429741405
669656807
2100329120
1660000094
1197684782
526864017
1063297311
2138766290
217222514
882092601
1898995305
608030501
501952286
252598905
154205286
1617698585
1833707754
1423826667
4681108
1573068581
1009299111
537205766
377774633
1521109247
879987842
27272963
821260608
949716524
645663300
6504816
1082854373
2075404705
676161623
1035699846
1587921151
1873846405
1562563863
503734814
1865129048
1779786377
1385827415
1616640705
240333230
1887779701
1869239610
394538517
1357994639
1555463716
1818365184
1362675747
981048649
680180648
1899881513
1358823283
53806247
632385708
1386096246
875066856
1582102232
2031759547
881571672
517472957
1959680604
1557733295
1553172803
1400118108
1284096052
968253018
1903852922
1001741452
600555748
1142196690
470898509
840888978
882492743
192654471
1235427495
93003734
1748118187
906309032
1455679481
581683189
1586489680
1208077347
1940506472
1640295927
1840463055
1179119070
367879135
1275081639
1063394969
1249450807
1792554596
875591926
659700454
1198243752
128226386
1943796507
19013122
2032079308
798054311
619568870
1026792350
1268952821
1460457849
1909285094
1461607292
548401696
2002288828
1062241832
1454710728
1310484662
1643925021
893716760
371078361
1436947845
386529040
64057768
468583267
754408175
1339139407
1531978237
2003858983
984210355
260086515
516075789
34970459
388312901
312388648
53983582
272908561
1110442960
673552452
1299700912
231912133
2134010301
1061502358
1693519425
534928350
916307538
608277609
1989639078
79308552
104718982
735872191
450386913
1541666827
1122401231
514444681
2010250095
1876809406
1853584088
1394744684
1733184741
690310796
1654831199
101776883
725281255
2043144100
414165531
779264837
168569013
1524608491
1452817290
1468269925
1756520624
1439343943
382288635
1302556402
1974272293
1298596174
1910834011
1816427724
1377904726
2015552994
404816267
1828291640
1409736173
1527217498
195252673
1272502620
1256543256
2048836762
519763656
842244350
591663910
27111207
944021233
1316945165
2070255307
1358186764
2096210003
91340673
735311608
1401543645
1559610598
344348584
693403940
1941899234
1646904986
520192586
1093011760
1410255350
189136662
323432838
1278324696
593952929
4240830
540577221
2121170427
199493504
1813079842
1230230035
100846618
185359850
2072474385
692510528
212471058
869011970
2009455693
135242717
79715087
1958182048
226583390
815026695
1212242045
1786193989
1159375279
1905645986
1580609575
658796618
278354924
526137687
2069051968
467491586
849570525
1199893016
1061444515
853811356
1740470237
1035131294
1053304860
1406066431
117877681
1154151478
1591426282
42868419
1846662006
1803897340
911880389
1708634051
1939140057
991595476
1519332452
18239800
1806622171
584090849
1804433789
818513803
342253187
1237559716
1477310421
620608111
1763697403
1398878741
1088099697
465784280
451288109
2060564
1319595636
44274698
1037191858
225416848
1450341130
1155069540
1379568326
894283764
1197937959
1078746684
550697456
2109818348
639897088
342353865
953930177
11745892
360593665
613068700
595836741
17543806
1431582503
938089929
1255103522
761409276
1558698040
871317277
12804369
499314090
1337101558
464092478
501374654
509213546
508367177
1538566513
734630395
1958708307
546152405
2114198721
705508423
1744090364
1045461758
1256205879
1706425064
1685358846
1598559744
512871593
1697104738
1959153410
1125940294
145457831
1976697216
410039149
1083547760
1084317091
1171448426
494762153
1955634368
1184252795
994076243
1145252278
1648345274
1495450897
1654465825
9228803
886533762
241612572
1967937110
1432686167
208327645
525961885
1029292883
1253789403
1782167764
588234300
791664601
1233243860
1101105893
341285691
1044913622
79562539
486743523
874127191
489601689
1570291283
1958444282
1661050115
2065053436
1766595002
697819262
911646031
764363633
198680888
259613281
271345810
207909691
1146147043
512958382
28363153
431349563
721286027
554325038
1460642446
1975075431
189009154
2048876746
619256384
1422253015
1002498992
960542076
319682989
1082061531
1447285599
1193810180
1571663220
870093234
1004770814
1085229687
787663023
623882169
1783048950
1699309054
1388245802
1981729838
1958922335
1659591612
42155882
957585731
25066346
70519035
1388935294
746352373
624844074
702094092
573944156
813853228
603487191
1193200541
88622595
1605986183
6258969
408305585
540564066
1453544568
1602115765
2112227287
176154154
459402932
1049973326
963817177
1083285101
685538628
515642584
324047255
519784819
327081271
1983638867
561940701
1284667002
2008705213
632459736
526118648
607573938
1257303810
1228212741
1181518095
2071157039
1831699932
227234988
12295986
1290202467
233493957
420601571
1830766533
1687038525
2022717337
1795510172
1863192679
334636621
697999851
679526209
1417921722
1383538479
1195168793
1741968977
1903323298
1522250064
1578124196
317780351
659433419
1439345761
950240088
1185552067
2046919699
60060250
266281160
1080954146
2131217289
2097981092
1308189134
2143513276
1240699911
1541683091
416631199
923982797
1081237968
291864888
572009321
796947000
626501509
1270009172
1476473209
2044423231
506064004
524158354
1638908560
261903654
2046408418
1069549108
579684006
558358189
361411221
1529924094
1743910257
260847273
1589984344
2010191417
1341801419
1573717986
1960688862
502506906
1569747614
1053905125
2044189997
1986378813
1977887922
977944318
130760054
402413596
1774891318
757261563
1672422768
1103880879
654201147
31003124
1628039233
145626059
292906779
1526964003
1215175168
872590785
2085322193
1576586389
255031231
1681748802
1837433662
1845015575
1544456571
1031751434
1271249913
1357661785
1534258340
693513879
264083263
1430964689
532409045
94487537
261425359
663169099
496901133
2036316677
1420430662
21840254
992713908
2074631809
52843378
473269493
72774221
345750157
2000233497
1287949389
1218340942
1938072042
717052130
1473372173
1472337196
407002145
1170904101
869310119
1438753579
294670366
79488257
825528271
988184246
343571520
109009312
1520593291
438059057
370434672
36278742
934960191
259267701
1456709404
956800445
1251981610
1383857566
1009643823
1725251103
1456631787
1355393981
1578000952
597097528
426251275
1368589346
1314149658
1899623449
693442894
1721151803
923043902
1562753014
1012421734
1217714268
1642241271
1837950005
58414866
1985812791
1946959318
1579008157
276388200
169910342
1615286899
1211348391
429178043
924512656
20665188
1681159653
160886574
1030309012
1258927109
1617518361
238219345
689444413
67132241
664470620
2058033760
1381281899
416610421
603993006
954950055
1339654323
19262372
1967371789
409884944
1661503643
1657838147
468299810
1499832786
1457313817
2047307968
1776220987
1627224159
1515111219
840085730
2056402202
292140227
860750919
1590078208
453026801
1891059931
701521669
2070545162
2129279276
1390966082
2137677403
646266248
1301516194
1371475655
1062876670
1905509201
178942062
255047345
1924771573
2146313851
664932289
1438791569
1656668350
1133232100
791140707
966498519
1033056420
419878046
446239030
400683991
1259963777
355157585
692824219
2120714696
1945235793
1145851020
1864290979
499273814
1068912535
1846086607
1890239896
1059106290
344869207
1044272443
283098297
1407745877
802297996
462040359
1662793223
579585921
460870563
180241864
2018377490
2117538913
1313473964
662034550
936553785
199046736
1081912596
1382792815
599730728
194392725
1737950400
1292554947
167623773
1535702545
290922319
2031914752
2034976359
1359834854
1730517711
1777732608
271457497
2075386919
674521403
554555794
1335649148
1476819399
1016596154
850958723
2056405320
1477466717
1031200588
1927299163
1447521982
197190904
441850065
236592119
396237641
1523762661
1619384935
995968369
1718155387
1209851687
141039668
1885779160
598070585
431961987
1770210265
485563296
1791796842
1353244328
115812256
2063254339
1281147599
790333659
470326485
469313100
119669410
1486922639
1320271823
28591083
816905708
203988763
1955890246
116944043
401179668
250256663
353536162
797417309
1774019324
1972921097
1793385678
1344691063
1035289137
1934425346
1082986576
1633359722
218903685
705713193
2118923018
2010700527
2058957521
87251627
1926471218
1192621473
877585286
249314056
1661934573
997254697
1736236695
834722748
1025845780
405658756
1038711512
834252378
522602799
1439891180
1084509041
876138961
89824841
711044717
701576411
1883210519
2055735781
1736865548
1670152217
991238709
1222741622
1889055902
1696951902
1194180992
1752272782
1608425775
1281432619
1531260352
653563600
11534258
1780574408
168014525
1008788955
1369327456
1002737274
2034634735
1774986212
2041448786
721403465
150105363
1333856318
1805912506
1026244324
1423681159
369473575
1727820735
1159408030
277725708
1317202635
682076599
1268964417
392460609
423648853
818432671
1586641602
28437987
279374799
720590573
1559698340
932938399
732124831
1192789100
1100952925
1740913786
414632908
2103690199
1628064873
42135472
1997655337
201984690
192240835
1184028007
2007897196
1218485160
460225518
229887124
798822247
1619633548
507612832
2116024883
154226499
1776577250
361001844
577875352
447526273
1947643446
606313340
726901072
520750372
18528032
1659839472
1252875203
1211317132
613308749
846305342
1625950041
569515300
326886567
1668085513
419686989
528871258
1860326349
1603714996
389284806
931327861
2063940514
619171930
1730150108
1536090414
1126784763
1698691343
1690316913
755878365
2059693188
120708617
1203404638
1859852986
727021957
1930305711
233119710
745549989
1442661535
1485994914
1956867122
2055970284
184816608
1435333515
478001936
511703175
955935380
897688925
1040574433
668778081
353920273
1429859240
1600105942
270377139
2049031170
1182772403
1806467553
1028332285
733980098
1349300818
1784210650
646189638
1470009435
840131641
358558977
49547745
622953704
591678687
795097734
2065615239
2077673601
604481208
1974101875
115006561
2039814723
304620163
626709737
848266456
1202309088
1667284170
1517044537
1556229361
949659762
969666832
1826606500
851207285
4955587
1485590405
1879539570
738935685
687407575
1516266573
1385125324
9933362
208914566
1743684301
59481107
831868270
187879340
854578842
749999861
118069294
1459060050
576618088
233075855
1351391126
881238251
859785592
52173934
2083547339
379586115
1569218471
1492293052
1329245877
391401655
1171415904
32969514
396357242
509522661
1912509085
1135292928
1196930236
1281292010
372934604
1206863598
1490206576
2116618905
1266344706
174591198
157014597
2120923548
924591059
275083891
1432499950
1501209147
508159747
636407428
234963750
1367945339
688581362
171027441
1747531454
110316186
1663320493
929293684
501717841
687252749
962263198
898075084
1196775410
727288635
2033368012
246221998
2008580645
258818968
1453085596
1351303573
227954225
571946654
1525894771
384968822
545386554
303002182
660052714
1977886505
1804211329
1168212461
466810285
2039175079
388674152
1155391648
62718872
2136205607
1265707834
1726039365
918015643
1767425675
265808466
1880278841
518017111
1462583876
460083829
403901475
1708805874
321180826
662720443
1014407823
1672484400
890674668
1586354477
1050895523
1275643491
2131741032
1353897706
1935696205
1962143889
1010625387
956425018
281470526
902316819
1345099170
1436862174
965035691
1333821129
555086360
543591409
104353124
175028388
809399875
1984631966
693045499
124500104
297232147
1096946975
1833305978
618412973
1759667418
700230153
143413725
502858439
139100983
1194309249
1778501930
123358367
400723307
1566714487
2085502256
1411348694
375655857
219489134
166181865
1720755027
1656351309
1131217557
907092509
63954021
1674808966
1011445633
238982409
336725193
848593951
932027909
461225297
1145826098
2028974884
147047628
1764239072
1641158654
847277781
1907652797
2144017093
986378764
954478398
1775035375
1109737131
1355201705
1194266214
1047755739
619066752
1569922071
1267244874
785248617
1143193451
776112535
1916466174
2050285960
840066556
1443791492
914247945
1079048966
1780516686
1762841897
2011076875
94258335
761184347
1892568111
241305963
377939771
1386243117
1088583745
138108921
1382776563
2074962509
1092587319
1010328290
1037215993
300305377
57110857
2084971732
919372129
1627032928
1204732958
1704620746
622742731
1980845493
1473603273
525545043
673428402
769911117
1439792989
1752477368
402944155
1055151238
1616070595
497202491
1816335585
1361155058
738508454
46791709
599914527
1827092199
184900630
1982691090
1754571061
1277487949
845535733
644303406
1577793326
902646590
581791490
349681807
382195870
1786524449
2054302554
1004938602
1619886294
1380422179
1530483645
145831048
2849648
822792986
1898308416
405793804
1877944224
1366895363
902996295
1546796162
580566773
1641504749
1593587871
1180481301
1321113301
1778488501
1015688743
928200714
908492802
1861224476
1572504120
338802481
616387418
6811962
688484288
998583289
1793336411
595303194
2003521891
1265739058
1975725373
1386521888
1411570106
1978575022
61831227
1162394875
236885178
1939775451
381806590
1139881473
1339087965
962373364
633902574
785192188
2142854665
1955015875
416197041
1011059760
735732941
1324689844
724800589
160753413
1663492325
1341188007
167565376
204492965
192287648
1960901787
799796160
48325891
1079157197
628037885
1434847780
343243656
459129259
1496679007
1505638531
696014437
1288970810
1887445121
1835895910
480575128
702334837
322314837
1265767316
697705854
129847064
1681964358
1708765615
865580006
859170554
286082556
1026333419
375179231
1627270563
1193898795
579672196
1819558212
1007316935
1379468356
1867884103
2086474132
2007506242
1155248235
282234140
319151853
504443594
1787872671
1015166291
1793414405
1527834145
703578553
126505885
82685334
1025893390
1392273201
780391189
1155740455
926753911
341673156
2021320461
1785924465
627755712
900170232
13620048
107542627
2094069028
593292245
1927100839
953902315
1972760601
1647501295
892892799
1832783195
655265882
1175126940
4451401
1159709477
815515963
1019617692
805640234
195866460
1723196245
932146119
278551795
601605988
176935672
1058942984
1757346443
1103689584
1400616140
1631183256
742130401
2028371852
383869840
755750450
2135914479
330455220
1349042695
1915531671
1284357535
1174319648
1415549318
29766687
859619196
2070815200
1204893627
864070597
1083041029
2020409590
1883688289
1888681263
68792403
1459400886
673343734
347344198
2061006874
850279407
1406287182
1670869669
1953968991
659419674
1154569277
548615744
540307878
1538439118
1304366194
528738709
1868894338
505925241
296786732
1005768226
1680244890
1712336050
1035534913
392380438
1635667603
92944892
1256451035
571224984
2113354482
992655676
312422600
34663237
304572914
985766334
382007435
218096141
1836045741
1788294617
1888965810
1642531084
300230643
896051440
43663181
840538521
287006910
1348029375
1369277231
8417600
1853954617
1666063963
1014185826
1386715859
1230916366
2049720739
1779096297
719100321
2142665631
888063684
1290325305
2108536466
1880719360
1602747905
2143199703
37808626
441030592
377723491
255904767
129592685
18534460
2144870578
1772123770
318765104
893438370
1815786951
1159303625
1180445280
1016332678
381097208
1188862880
722803647
2047161172
55565059
2109519506
1130593890
2105285798
1741132155
1849694211
2100467782
481712191
992535868
2061520600
214947903
447800126
2057236655
252756530
888830718
287476498
508661297
1018423403
306010959
506048227
643063525
624776063
1399486597
311366828
1784079688
432448229
1327699507
17693249
1621311110
2050503154
2064854421
1676876169
2012539013
1047964663
1634678319
1606187520
750175226
1587662453
2087899712
1742711094
1501699405
155363967
43027572
1411452413
408120497
931858290
1698928911
916781795
1950281694
2004939870
1422830022
445861571
482232285
674832972
757228400
118828326
1107281201
2084927907
136521575
581108663
1987947413
53892348
110501184
1853002778
1101857011
1745179504
1311706651
1852032237
1185358309
1252122715
1447259683
539574067
1407486682
1490287256
1951026480
1815607180
274661898
1502471743
584905327
77459944
1359927966
2007735349
523321516
1842160251
535084673
1280549916
1960988577
1642365875
1217994175
2097510152
75990890
1058457940
3918852
186492075
763977071
1105775863
1931671579
2075683722
810324452
969546240
1180322789
110100488
1509120307
440325823
1600387744
1312663139
108449355
1875049642
667651235
693354682
1952509587
2027579201
553606384
328347455
1722255804
1088691057
1608897371
1535760734
583573284
679407898
1485787238
659564175
1737865838
1489706091
846056250
354359261
447998306
630244181
282559335
1258322759
1599790421
1462882124
1368423247
961427081
1903207948
821327343
126606572
2011657303
548893337
794257807
557528338
353919276
674353360
1111134722
682266731
249125517
52342131
143680454
1784886251
635915416
823088352
1123189841
1295479591
413470543
465412284
2141535841
767829804
913410591
624296374
1050389140
24249702
76603147
365787616
1392672949
1038030228
121511916
66516644
1164636801
2133169220
615409981
1958894608
543213910
969329258
485764321
1654348632
1651595989
734889838
1706690763
1795276444
372292441
195122531
470881148
1495482282
1490602122
884351691
1960894567
1484654315
1652181496
726821510
2108950689
555086988
751071212
38070189
920874604
2143744161
1076100417
1042386521
62777157
93253570
1028072093
678187138
2052148179
1571286003
1647516396
390428852
1078150987
1151628738
1125318690
637358102
799421534
1497611131
832480634
1270302682
845609765
175599108
7170726
659020684
1660253424
1659352222
1385842194
1621720465
66955562
2136913406
1659790654
987830166
2133173919
588407424
2030216687
48467428
681660994
910805132
726654567
586325525
334607487
226687315
976754377
1412758474
1378316053
2102073067
2050116577
30253939
1452200550
735113563
1300556622
150326668
910712671
1307727348
809347352
423482447
819595922
47705899
2045202913
886551484
37135657
1557509919
1874381650
22825929
2145917343
1757114690
71293357
680094690
520436174
797947924
1266420215
855043662
1024635240
95690945
120318488
255467645
50280364
22951417
285721585
1502480915
758064980
1586278207
1652807583
1668777652
746521907
314671287
2092260099
1566117829
362377186
1989979364
305185665
399512844
1400005636
32083667
422338773
1398439331
1789198357
493632130
2078534021
162150884
1291580055
1197470589
1017194546
168731647
1293161534
1137513034
424199292
1343441898
1160464452
709920877
698439165
1918529432
148715436
203763100
1439823436
895237343
518434388
1384599888
313871524
880811574
1227095604
619057189
1280324418
479617592
651140857
1702663191
1878056924
292855566
48811674
1809107297
455006450
1340391729
859094238
1472200996
1509123376
4772124
462230383
1933322668
1348214023
1622694835
495759898
2046653188
1393740619
644475334
102932641
686080408
1539712678
621367029
2070680296
1853584202
1502178603
1150292252
325157744
635019374
1629909845
976298601
190198917
1360483121
1269154167
239010591
1022106770
1724160618
1579402320
1881201009
1048877966
941042048
1885973133
1511108349
726881069
1086703508
986319536
1222640967
985873049
232576508
1867116301
1088805690
918656916
1259345331
1710172719
841853564
965445886
1064867674
1992145816
1290603630
1699887048
1474572013
119418583
1890085966
687571486
1388572750
2129096557
1709678257
965249720
1561015230
1443395618
2014127687
354573630
1181885103
1377752388
1081454699
121104964
216588277
156612018
1106978013
449164785
2023728320
48300055
1367821701
1135590003
1758472774
62191617
2101035889
675856800
2054337433
1244155871
228260201
1381425799
1363574454
2118346167
2068997285
604663557
2099959076
1631191894
1569913277
1513490658
927103864
1436557316
1868064289
2108988968
666826057
802035340
82610284
883414334
958647359
1189588297
1332579119
834892031
1237888352
552917172
1970482034
848877478
615108789
1924034276
1524734278
521962574
1020706499
1752994479
1903388373
236797306
1723856998
1824902011
841460863
1676332427
1308610257
263890492
1042339437
88230474
1700447809
762920078
49735794
219790218
1564955419
132346078
1103204552
376119130
1321934375
288300023
1211011161
412339079
841217195
1034009547
1261216557
1456325984
810560175
638467187
1978288558
1831266675
243978019
1734193284
2068063981
1967835017
1411611647
762041196
1496683796
572738256
1025931688
391539586
660968730
578895849
1154459664
710704524
798686067
571931435
843050602
1901890619
948050565
17501329
42706994
11578078
429840408
883924189
1045587626
1691056965
192766525
1856147801
182040505
23571436
1539930828
426018524
1757764720
1460511161
246369893
1021892719
75068709
1743053690
1594630975
1101000398
2134593276
108116058
1679896247
1141569292
818820582
331098667
1713500728
1661871185
85505638
514067645
1679372514
128212633
525645724
2109212923
1012136822
1571233350
1652786240
1204903348
1279897503
1834826745
1228474784
672344684
113361621
838755856
2132855845
359731515
1860648575
60440907
2102785205
1307795902
1161441305
2089894833
1415911960
693853904
1083980477
87248895
1024952571
649997557
1749120080
1110458210
1164065203
1281008946
1238670843
1689710927
1242738221
103324017
1113460629
748040814
1308227365
245874484
435383911
389218501
918219168
548745533
1227974357
903591366
908477048
941139284
964032273
863778605
101451539
2125473578
806189790
1517363499
671843834
1890170267
1604612394
1696796406
392684177
1206248826
659770968
1556749380
339774125
1898441811
1098976659
1582512346
2001765828
64953640
183069512
1162509546
310828124
618453424
1551728047
1229047293
1167198957
632218757
2132638659
2075676005
1573358041
949187284
791970962
1674809580
927177214
1598160752
1044689432
1599021048
1340847371
501818178
1148333806
1733531548
1708067005
1808104774
1142797280
2047841130
1559062937
94290291
1482869828
1413345118
159243931
1665939341
428371016
470072056
136909117
1980099063
1699119349
1304108074
464834172
1684274360
1232300431
2038192214
485977996
2024271393
1565518146
1413155210
1474948497
462723930
864692610
668312220
964542109
2013026417
254360121
525125466
1673647543
1397157401
425482948
1085226833
1491447693
1908352776
351088303
1650691624
1426808469
779459319
2120763680
1563717586
612074734
1672399381
720342012
1076908907
1209190093
1952642443
967617473
1695168089
1829430188
385651971
960839651
1156895037
848375902
1825532262
1825207258
1812918011
1691075031
2079567379
190559829
1217238926
1329241132
616042777
154982111
673205177
376911905
506070414
176413154
1803720375
1285529733
149693186
1219954313
1897604468
1822092568
1940296326
827029727
883799013
1745455121
1794647200
431483455
1427401662
32815523
1392323106
436813051
881191425
1070371720
114536661
546625788
613963103
46620392
737185617
1831202030
1375861525
1353228394
1986184141
2049066702
1730140300
344770908
77996208
1386377027
1630300641
227689395
458847692
1380421461
2049781963
251660370
59967540
786097328
1997115492
1854614740
1217580783
1277033506
1887430264
462420242
1713846557
621138041
1532791962
1828383219
1167763830
2146755066
1875003611
1904949447
1830473448
1103381488
1110694194
1669173941
1004964543
693350846
2013944849
1082960751
2079727873
1496761843
1310650146
391091917
729699656
1212948461
642752288
789667197
1999045790
492384132
496798289
1069142925
1769417638
236744905
1531563167
1335780547
857882947
916871482
1016680118
2025646777
916142900
744200082
1783112576
599132700
1847581570
746323122
120822993
705062465
1439673968
2134767843
1788023217
1371918193
1484046038
951189715
1763010111
66262046
16654529
258278751
855929243
2015700319
750662883
1352727533
937359596
372596873
1589472438
321439116
1708377420
299871737
1238310598
577573891
178034866
6969850
1321773973
1961147443
606102550
1021871895
559986917
726925543
1726934361
1999660886
714209738
1367473930
1224095431
50772128
171179997
839621894
117034175
187834526
1097900645
972963418
56051197
1848563528
178207303
993410794
73676753
1767679742
1314849910
1782054174
2067551479
405676860
212144417
98102698
412646710
1533918390
2059250141
1018749260
408306637
471753410
1745674803
2135240998
323930648
312400894
1355231280
1548026080
363173022
1526411278
240164326
480207197
1714245804
1338064972
1453170616
1770297002
1039144852
1631377919
616224148
1112821606
1251574013
1931074058
747392132
1171641845
189267270
959536549
1269744543
601913980
345971291
1181511036
1620663240
754277928
1653264446
1218854395
742035279
1977195095
1531255289
2097266559
1377737527
1894428312
1476194189
1617901853
227151861
1042956346
808483177
1680322477
665769700
1847628030
1164216749
1281993848
812965988
268307114
1065584258
1560358120
1439948959
1254851528
372411021
562209854
1856765508
718382312
1743720890
1329945100
1472660240
1249501689
401315847
67211871
1079213136
1932571137
16994783
309467015
1679515801
1493188972
1927368868
1906667662
388661670
588368398
1439506492
1054431370
288512780
456239593
188941570
1101478768
724546707
1254525828
514353240
17012019
361893708
886764261
579221873
71175568
1605146573
175459116
1401120668
930323165
1424960805
1802436516
997535037
356690293
1587524005
1014529820
666157308
1119556158
360235144
446042528
878740172
748896815
1034410926
170763016
1803328185
1322923706
627002609
1992269756
276918826
1351549317
1099311936
791272066
1368561336
1461205645
1678036327
1947783209
1532381213
1135699252
2123242325
786018234
2066022418
1400719482
440971102
916073807
1757409775
2028495107
1930603627
276083435
1000567617
143355123
722125964
1879307789
892251938
1756536890
2050070806
548096476
931976949
529589767
392882584
1208895775
1881139084
1492194520
2000167842
1102216772
805916517
1530720521
902516334
190814083
518936126
878275011
976832317
437474896
131510846
1417803419
1353548703
1888920621
1298814878
1136668682
17520409
151898847
1280023805
739646373
2031206636
24792096
348699615
1933793794
572888572
1280676564
315899914
965771156
342088692
49555350
310482028
194772886
1151772123
1116398546
1725493407
2054288457
1307212629
96945885
785079820
136561298
534420781
916590666
1554364717
1887969484
658027640
705695947
877154518
675548049
857594794
9694676
1415194422
741317782
34486772
1763894037
527627929
607375344
897086954
843527843
1573146500
1239175646
893083193
1883628528
1433948532
2044855316
852543426
1011958291
1951660125
12272407
1108904177
589256298
148833705
1643324958
1505846964
1703198422
1383810795
16390956
261410721
113481665
691939005
1119005515
123176341
2107133427
1860323298
157663113
1723543817
240467579
765038457
473147123
1083995422
190701309
1712322769
1977078615
2074329838
998787653
1874450284
779389616
2010745944
1678626761
791662024
972166473
120399411
940495729
468007784
1626246376
496210504
1851818579
1642637332
757621225
1965300244
187092690
1876626741
2088476586
146742469
1589466391
98656051
1870286286
1829933970
863694509
195949761
766445744
1054395818
1908272530
596040711
981242008
759576535
323007347
1760631625
622838832
2001634109
404810001
1595005305
2122033520
1345305730
2063013089
1600796248
1841516234
1767348020
1095949933
451653812
1585164617
1283042623
180796905
1526157555
1429785092
1770263296
1624813606
1152587731
1452713618
341024467
1348537492
71675714
1395420286
1109326375
667716425
229178646
1868902910
990723773
1989810271
344258094
844874234
247136624
1939263400
819424106
1592442355
1854792841
272736707
1286474941
1474657214
1368686640
1738128753
912338183
504245615
1918925658
291012090
1934030707
1541705306
1915825696
939134790
846935276
109366516
140188635
918610990
1504786802
1249515010
1586327416
1733965448
970934272
429567541
1576292072
1315192367
1274441775
1823428696
1106972119
2093865881
1268387403
814281312
219118940
407378697
141454878
1587805580
2145507450
1053793061
2092051195
1916949461
1344805151
1878598255
1311171119
1113147200
670249397
10622748
1222513716
810438032
929233738
579816870
2059953042
368077506
166298670
883403667
797645047
1742590742
51112386
2072086822
1418535791
1158084505
2018469056
539439546
1972365817
90104348
946818243
2113820696
1677909929
944842046
1020130109
1622477476
714307859
217451613
1353592083
2025478978
1330598813
2023841481
2036101726
405628881
686795865
817851817
985445751
599265260
1185929323
1151744421
1482668927
1983574371
746851516
1533781313
1908177545
17903659
544382170
1779162953
557343205
369264339
1869267302
1504161449
335601387
1399693583
301519847
1355731497
874687411
1015827706
1573183110
80795847
893823036
756298275
2104637328
782441115
1161927156
643949545
1600292932
2147372907
1243214805
638738607
1151633680
578400084
474829330
1898485196
2112181397
235523228
1916388855
509079919
2014686181
326248413
878344259
1736469835
1830409862
1213945646
988679770
2131929709
422193495
1863367182
1000273767
1995376605
1944163029
1894096803
604191232
1901316709
529054270
1766118388
397782606
2129347202
1766007647
1640997412
620602162
770157680
71913848
1095431492
521159228
36611598
1330954720
290064436
545691517
1198157254
616312849
1424035776
787143441
299239063
490497775
1775823212
283685124
912691270
1491706746
1283958891
760584228
1288386127
1030572046
1364775460
1042219188
1559626317
983410201
1440001794
1541489871
601934200
933515558
14608385
1372091880
1005429407
1110039878
1893251109
1042041005
293510950
35831897
1587732522
1491668204
652144746
864284651
131327998
951383809
1354782426
1907151210
1235068933
119990048
1251374308
371544176
880574276
392276787
1402116222
97866089
1434495975
814258891
1081276290
727014121
208265115
1683210490
1660529680
222873500
907818723
518475439
1332913378
653586184
1560516444
1626424329
689418081
1000765318
970608885
1341562827
1865049969
1101936883
145462988
1072348747
861604445
1380531921
1192338796
2112978753
1752076097
2072913072
357771892
1006708671
23295513
1792267867
1820967563
1104571803
371798341
2029232678
640298646
2032328021
104622530
1548117369
403319812
1437535909
54219905
1963836256
916476590
743637986
817117926
1887085475
2085200813
534684248
841538711
83180153
1607032995
1703143156
1463712074
651888143
1668638262
1068304523
577317568
2026410154
2075013194
600613081
1671194374
1748497109
1705184885
2042992715
1630246139
197999883
1927837088
1734868670
1746117252
183673252
1024920931
1800337157
25860
1941397521
396491495
817143786
1680999348
334208660
1351828034
375054411
417388813
811377382
2078197568
1881100887
1463265525
1599352182
801921762
2040583093
1478278688
729451308
493712527
1001989414
330464770
51413764
897498481
1960710909
249413647
677851921
1548095931
1995530899
861525173
425533214
1648384408
861551033
219447087
2044875903
1678694820
1900446436
231600915
883039206
128017199
648989728
1694416588
58731119
382606967
1010198466
1658083301
1184528729
903297911
988878342
1913980037
1397010438
1990867756
96961159
1448424202
740882590
2057672069
1697837849
1418734511
1458284352
1545885100
132776037
1883817567
1046785860
994327070
2103264654
944178115
525538242
1856227442
1175779030
1408577449
1984244642
1824768758
955510389
2042975761
59892077
1965708855
1553575415
1244420806
721523119
394970109
1010917196
2118533557
238354217
1107878355
1419474112
979236807
1018066776
969828313
250487671
328867481
368229766
383263708
65201400
1415015626
1377590778
20982406
211710094
1903129021
1877209849
1387489124
1164222822
1713970843
1064774235
2119733211
1609462956
1124666312
1937958419
1015554723
221603471
511997890
1410524832
1232520667
483047799
1648879050
192915374
1902521911
480632209
1210982151
724866577
731119880
1539849632
1093096343
1114383588
1605051032
360628321
344490719
1626033438
572338415
100136092
1355759639
1959827540
1264358914
922246834
877118127
1236608477
384226143
2001784439
1027083248
1399780866
75904262
1539081138
662822051
1308424929
2022128938
164217453
1501340304
1777167201
644849662
564838807
354550130
1375969543
2104688439
1447646473
342869483
1562255823
1808274795
687360202
1040805613
233129562
787496294
249081605
45473454
2051855208
1171328439
922591581
1140980038
1555554582
776892373
20579638
807851801
852796635
1559660777
1470673852
13737917
1434306067
1634891305
1515078221
1063989620
132257319
2079917028
1418539751
1508226862
2037121819
718702576
1851096346
1451893994
379493723
390972900
345215959
612623286
1178469195
594297564
658096740
1082840755
1765626004
1580688322
76337145
1173696938
210097047
96916784
1981548739
1062893682
1656577561
1304738943
1076631599
943399980
792146600
444226172
2007389600
924403920
376659552
1278445703
285147134
266297723
1997148280
2136243480
1718191717
229158355
379732733
2063407677
841781641
1558201928
510221593
1499878382
493559035
128363949
933083056
569896181
1302060888
1143180103
666812965
1136125979
58590137
175906878
293381275
1135221737
1119306858
1085527875
1579447909
979212810
2009931795
1956107462
110174866
147595282
74921537
2107323146
136355114
1793113255
188997853
516087847
1709037284
1030779495
2074289775
71775229
383174229
420365163
200139179
1316257285
990261344
1502200067
311953740
1657074309
490842398
370543877
1832981187
784223673
1505765614
804804397
1869751549
937729876
1784017207
1732199696
746353690
1894192073
1879794978
821275227
1854031571
2016150093
466904834
2043029425
384754292
28458470
926325272
311560420
100233700
1309499501
731925583
300372879
478273138
1722186927
1802572946
790226878
1231777588
145931696
1160770755
917275127
930155370
519052722
1722079524
652423271
1456782598
1358613083
237139319
55652640
1105321509
2116934298
876927867
811869432
1985600743
1343832702
707415209
222871387
1372291172
1633740481
534431807
1472524872
795756334
1266357390
1772897751
1274029472
841060669
1427987049
2064256350
2072838257
1573918746
1077543458
842629736
356590468
1596596180
417225612
1009013739
905895130
1775838696
1246153058
961547770
733676557
1215603708
1838475637
1545545989
1053720803
1034824691
105477551
1276592191
259632216
1739218032
1811023998
1732157088
387490719
929897741
1357571192
1661520191
1770958410
638074593
1578292894
1696313020
64509691
508352704
391459108
421100159
2104948884
808684721
1430113898
863360366
437039769
528783309
1824908136
1170716326
1744387017
1515900125
568778667
650624173
403241169
674256218
1927216364
662873385
265990603
1590756714
247546825
653481322
373170807
1605118017
167517865
2144129218
95708963
1745810759
1692958590
160218654
106679815
2084417698
581318814
64145051
745618771
2011432712
927505417
1182658540
392732373
604929905
205891218
2137119391
2120830031
774669886
640259916
376587552
1448926104
419992632
1039460937
1714916707
2010749346
1287007762
220914381
236436506
744642132
388432247
233082076
840351095
2134243006
1926040666
1000569749
93439174
1862974716
1581888563
157584225
461109840
1445837628
1085089643
1643768380
1838570001
1690019548
1849659599
1828205744
1663365931
476845837
320982012
2039953483
1925771941
740974644
931930772
1493205001
604240343
71454887
1714119382
840676849
816097019
2102551629
1073758925
1656448114
2089310988
852315943
509534215
35266514
567807011
2091422779
192850739
1028916851
1389776759
1277940382
525201584
1080863112
820476283
227377535
761585209
336358566
704223372
1082567221
228828402
482511665
1823541866
1160759174
1975716666
280298561
1232214061
1542352401
1120975410
2048311080
1497420382
47250687
1557275546
1439247722
899566630
2066809762
1474514236
1467373641
2010748893
1667364976
348806845
1253042004
797821710
874008429
186421468
1618297993
1101385964
948006677
1954656560
1805609336
2030573899
36001314
140637353
1706632117
1196760488
2116354020
1986930678
281490902
1511222773
960422440
182318334
861159507
1007673127
1739593881
152923582
1907239757
1658919995
1627437818
1227129750
1522185240
1147319146
1575936595
627743596
1945140857
302461376
814165064
1415955202
1403847340
1762171742
1223128114
1061973028
1645261993
1259129428
1202610382
1204410462
308406269
1171480754
1043857492
589897171
535219879
2004279932
772215505
1396379386
864469411
364325738
1549302968
624225520
2023245733
1029257139
1851355270
1397947325
29092637
1279808218
2025690921
1974233494
1582269594
692372338
1242705049
838633287
307060432
318349515
1900606315
1952322425
1577478944
955733049
1009249239
1885885213
2127213803
2053106731
328298736
514950034
1909903015
1100514241
1911329421
626888778
1464839980
1313148741
1251114298
1340602065
194922232
954985920
591065743
224014870
87310490
469273016
50764716
1669580085
1161645354
1293469765
360729724
1468705786
1611819281
113852391
1273544563
1041814577
1069585441
135310154
780216142
1049315596
40933237
1108514878
1564265631
1950836252
61545471
1328111404
430241382
1526385451
493776497
1681355680
719503869
688698730
488857953
1310569612
912713600
576168443
1779842628
963478316
98264880
794004335
109464434
458994604
115226473
1721283715
572846996
1388771037
615614644
1642432437
1524081191
1395830786
544264385
1565014429
356862016
2108530016
1368367033
418407487
1289157772
1798608416
1944792939
1782934270
1332480448
516813160
324149352
1821338401
1827382772
1236862952
250023197
1459741752
52857620
348288077
106262439
162322054
807282682
221488913
1883605769
1380129678
1610259950
351736765
875078467
986857493
1747567551
1419342852
404388274
2104429567
1380389221
1772755308
375353407
522063345
1423880076
172662698
157513967
608876876
689475858
481663319
282731630
369374982
1718526271
532754827
1829116734
1771383892
881042904
1935379174
1933705946
1688325586
9384439
1669828068
920971616
1619644389
2021564833
1796050083
459018234
1621648737
1067909288
863406509
1578594656
300814861
488678169
1953948063
822878206
1912558245
2126610761
980392174
373951473
668602971
1462055493
656683103
1037977953
1033098117
1189437930
719611040
656998361
2070480835
507506566
443220659
1611322773
516891005
2113048727
384810742
2136535394
1987129913
33377177
448069980
1461295002
1101286465
1311476489
892406010
1402101326
1800154658
698870426
77495885
1565229255
677997539
1057888059
1939180729
1346600511
372459904
448380184
237094816
1405558021
1637818115
956705856
2062556382
1560815302
1464212422
358293394
1024654427
1981103427
323858473
1409465169
1970155173
163504738
1442842347
270741506
1624799740
396645164
1582217995
369722103
1798746491
1234889006
1068592529
1876242376
652634613
1746590068
786646787
444331694
945706931
1159106691
892711879
1182801748
417181065
383046346
2139507604
332253799
1943861648
1456236379
690547193
821032427
1289856158
1014405667
83013949
1112527684
1177910405
1525856296
1383269190
655226498
1922501460
818003537
1024948601
1573764303
2052892543
2093541130
1302523031
558043509
1692647550
2089169818
1002375203
490870834
1100792862
1895087082
1673672582
1517973927
130649780
1665696538
1850227726
2074511428
974449269
393291272
748060208
116821780
1407696939
831074157
1229349464
438123696
209446805
465135006
1093350194
2131948265
1283138543
2118298795
1558228921
1188547439
2064356277
713268304
1746590948
1609520180
654954475
601482503
2100391014
1755747337
349085938
1626579948
1126237616
479735718
1144792838
828981694
406763499
2119242108
1222272966
1154823707
88580240
482486257
1985897864
1317929704
920609954
47861021
1783064710
2013960148
32325638
918719605
1984775296
1590554559
2107267044
1901647925
156339216
1706374344
1363684457
811293691
160373200
1316591823
419557380
509459138
795688123
1545794996
989194856
1940480962
227293042
1395958355
1912239422
1449566009
403298414
2000819662
1932052266
241712630
1171265718
705178572
289573651
806846780
571655073
321899290
1725566385
408946721
1912453849
1685349782
163110998
2068793065
1244240478
1526795456
732603108
1404613678
695903631
1152160488
1914072816
1491591755
550471836
755784025
1284589069
777764879
4258732
1049344843
79847240
407557147
902680857
2011899506
649269777
2073946575
569594431
938843429
733309707
1141249504
1260742719
311392444
1550196225
1025712920
1996742226
1713307223
947022338
1093499057
1092619031
1679625446
350629087
1788522663
684302287
117218256
1132630770
1234774123
873002281
269736191
2012539002
877261013
1319081034
2092386242
1284818160
74278243
1956802101
1934087938
741170
378912884
725447719
734050877
1520162388
1986190438
1045443321
922874965
864419710
894701900
488698540
1811442048
1988200957
1581317572
1343583847
191346396
1222356587
2027886134
308564652
207503709
1115176609
1181566933
477239900
980231964
2058827947
1796320934
925134558
1196162459
1870599177
734453011
982766749
1871340347
1113365895
1708214468
457907576
486044635
1546921258
1503350897
1408919600
263857321
250569149
1897618141
2075299369
91286458
1331452065
1271399568
282632855
406325004
1151802054
591197507
613828713
119495016
1772764441
1091068613
1099726980
1684108740
739905899
2024861538
732787551
463021428
611830902
1715554301
186878127
1725196797
1276285121
644785703
63757785
675722732
652952
1472677385
939580053
251222102
1222811878
867395774
342508560
406780295
2138795343
625141415
813105299
1143113749
1216338923
1426934012
1262608765
841619716
370518977
214852097
378244808
1110424876
92229988
1111032359
1573446304
704060890
679103012
1760324431
281774039
1955388134
257626486
345531824
483627218
258279439
1818209210
1423207271
509501541
893537440
143119397
852010101
1300317736
134431092
1477151517
2113423035
1277544842
546006792
1392873400
392669959
1387626508
1763392377
607522057
1765871316
726333606
699752045
729420027
152296262
1403812935
1408523040
1912620694
1685586974
1216427526
22763532
2031118799
1700054744
281042971
1701844361
975778367
790544512
447898153
1118897764
1642554614
1748215889
1253328857
972222483
1714155277
383390051
1518229275
959545029
776060010
758372135
575453758
1383582067
376759803
1301787364
2083334112
1106179830
1454083627
1339663399
367219222
1219220673
877766726
1583646748
1241984205
761401877
1136217844
1523027177
315762590
2111996211
166088041
763660743
1083410328
1808642655
364392985
189255537
633381490
2078548262
572645588
4127117
890609643
1348705598
762499252
1466063401
584804018
1139259055
620367118
520654482
97955238
2074450745
1860317882
465174460
1146187770
590600960
2048821209
240688327
1352002837
1037555405
1763715504
1667765427
1002067969
1929803546
283942522
2085478297
1590962553
648335507
127250186
76860396
579400121
699895774
80987513
1470009764
2048601372
843486766
788589518
485921742
1982745821
1408956636
1006576225
2080701059
1335923733
719410459
398391872
334627855
1310011419
299729433
575316182
514530608
1337284838
191548039
34812387
191869159
2121351585
318754909
129863808
1564830490
967090417
257113994
1641690886
1546490538
957009768
1722678400
869016655
858127493
418681518
1657606173
1344049235
253943691
919079161
203141812
187161103
107519246
922552271
585552975
442147101
85080042
885282408
1017463283
599610650
75083598
1209011322
634423037
266952758
1182879259
953177947
396816566
600226102
1920268364
653930561
94433340
1319275254
1610940329
1817111740
40808261
321584174
88309610
1698414434
1665633410
342253302
470009947
1868775222
529414405
577529193
643843846
1114967380
1019676294
728923888
2000249788
2037139578
1328534539
2075333386
1098667252
1962957576
194802496
134062864
768651875
591619063
734288966
541436591
1245549624
828722306
1860711846
709006305
498350399
1901520107
1030590480
586660009
1452450894
548740242
928913311
1922460841
270031816
1458327716
352506387
913875662
425811448
1372182681
1642799551
278577588
1261838611
823850442
206427327
213022216
639324370
401229823
347085080
1407976246
992848886
1081374046
1949412837
90914862
1910096352
1662641035
799921168
260963103
1416677495
1830511648
847623113
721644741
231768242
1776536424
496621934
501800058
1087380493
849128321
1415675721
1513191941
73827355
910991624
1791769530
1335665966
1734842066
1998196857
1548688182
226682788
251943032
1895773262
1634659034
1244791919
829663660
1436588224
1335706781
592276365
951745611
2135627949
853239468
220939458
1818655949
1700862581
942584199
2050424191
1329915358
1439206134
404740602
269812203
140850807
1820416323
1783004144
214678162
583924299
1427290026
1550344129
171282717
1278003235
951548663
397965505
1529946268
699838278
2032624540
627254539
1529501938
1321729116
1962961320
2121778303
125991079
1951105622
827534124
346930538
1622277923
380913057
1289514737
1525218467
1710828415
581237223
1929959069
1980640618
722088031
1602891744
1616161115
936766193
39332395
895967493
339626674
210615112
26487081
1291175338
608580617
1556433349
1991013616
493721509
36204240
1373031906
1815450625
1999165560
1347326562
1941441705
1802787534
27377038
140888595
1277581810
408290095
1430403332
655316629
2119118511
2011640556
437792050
1952275481
586244939
2040683794
1420952948
1523011132
2080016189
169436794
1862637807
143147653
195923875
1006329497
751728270
1752357224
849859465
1245449780
1788561464
75407723
913416757
1640243376
1422734285
707374814
1295547263
1450111323
848263409
425645425
1858401419
131183094
1080962054
1830036282
2142823650
1518754104
1634828115
581584941
1411954250
908297416
2104596073
1344486791
1077734210
1819750232
1487634444
1273658085
678596081
91879066
878531661
1528455546
1337328846
519609477
1603863270
103261956
12369205
879113907
810636770
1307916468
181741583
1658900180
1733561893
2040143002
1790083274
667040299
1722695636
1785423276
38310755
1210040103
219524569
1450265005
2118337519
176636994
647268148
1048588081
1996387227
2134902592
174762518
527499660
79298011
1053294179
2055955207
1416626857
1572903656
1512334829
1519888813
1585272862
243965088
183041936
745705682
425706671
1841942116
331783928
318366025
1484541742
998824227
2041061661
1122481370
1037134983
1103618117
1342005939
339916340
1074471988
1518642933
987184489
2123060070
1367546512
974603433
150338940
1895046173
1053901444
1203633120
1803517732
323044654
629053128
1168368913
1842933467
66842342
1412334001
2025975403
812548025
1838040673
1720433871
1144331953
8923050
1057491965
2143156180
2049984712
32489687
1032807515
1006119181
1374495626
1372723856
2080591169
745654912
212424697
2056167591
2113201424
1187028130
59022884
1860763949
93445927
1262656004
1516798033
416490581
1891709132
537683298
111940400
1958551475
1950017300
2137915804
623615852
1640574325
1710866027
1767947805
1649497375
620874345
1763620337
1551998439
653364032
648944205
410633972
2027859659
2021668061
343741494
626030923
86609110
252425437
591748699
1273637240
311448321
305029001
1367083167
1574104325
1821827034
1783573748
1318329810
212026685
1895514149
1129397637
14560337
1885946305
1753013489
1655134662
1449328684
1373477646
1157148389
2070203029
989614335
561663181
576083414
1638558540
972297153
456459425
1512742953
1316038647
1082490348
1599352063
1568464085
1674239047
725505656
1879912406
1979268048
2092588823
1306533084
1653611435
1728678924
477379246
1865638120
1476709425
1606776883
1880198457
1215172082
1212306724
1387849471
517017118
438300722
397514212
439736500
1427915057
959177393
1015819914
918989950
1931474547
1472279339
284249255
1100029546
407286039
1883601319
521009983
2081525086
461623327
253438742
1913309487
406728502
1559971826
1419437274
2135407426
2037351072
1137591746
1464633203
1496644307
870306555
532321637
561467383
110672378
1049338756
999768105
508186590
1489075256
280199514
1467363984
357411522
1199189464
1251354883
1829690861
1483438720
203900781
89493252
1219556391
724910765
23534690
1681179718
978349507
1936844177
2087908220
390837685
1208797803
2075831999
280705109
198905901
1392981554
1777349416
1069212456
1925303192
191333151
1179884834
827158300
1191101256
1688071425
168749908
1471300770
1007951761
526161430
523006587
111822996
208368643
2006445307
315723777
297861895
1078518050
1040634542
321396585
612214120
2018984049
110757115
552638692
262338086
1319554918
480987043
543043195
1518460820
1873968598
172908963
440189628
1651788142
364242114
1620074463
331462794
1555343370
1160662240
500212702
879160493
21130353
1026374132
1402167080
132953349
1234742775
1261128739
448677126
1532604670
192163141
1489311669
1854001255
804377261
1360812070
1964758370
1357015953
1623150157
1136829641
1838002997
18709704
507806813
1564487947
191618668
947996441
1068792441
555860782
420587256
1400255235
2111204153
1581249496
1900467937
842880998
1602379849
779358421
97564430
1735333198
2014101196
1358693169
36526677
1399222218
1550856310
1525838346
1105739825
207749923
739166768
923014548
1564765876
214833277
2059844189
1255285225
233542982
420167354
672289524
425161650
1368163795
1741081965
981022432
1788751052
993853552
944742937
1222516900
746837841
1787623935
677413102
1526196262
1885188365
265262652
1392813810
1096397886
301789329
644552380
499770548
1827627675
1750292206
707520471
419310796
525823106
124802700
634144073
438183647
1380087925
867687055
858351001
2052377450
1292848705
79031148
1645975767
126387490
1867782200
492345672
1071130427
942815453
1239183513
711270715
1620228555
617896128
448975432
1885491207
2010709938
1545373319
39796889
507778671
2045143867
1867424564
110587229
605180691
139251712
636410335
729983391
773395786
1074593982
2110071316
1641082841
1932944983
2014965118
786447899
2011976131
1513457238
912835389
1732274684
2005802910
1983965816
527606489
1097502775
547752883
351396
1715398903
996728316
1885842603
1578625194
394617987
1925639492
2086403865
292278206
1645580409
49507446
897458897
1784832121
685917781
1627442288
410744259
1760511763
1590029957
2051827101
1545973098
1457511427
690791352
1410465581
823485017
1603626741
995256617
681804279
1440108909
1522863106
1779307055
1987861793
1523214502
1347222310
837106461
1261573458
778363856
1231724448
1039729302
717284073
1524002654
537826063
766791519
273977904
175174537
1452709300
1901420192
585918796
1065737415
1343966501
490262249
464226865
653994281
1181053601
1874692447
1477479298
637196694
722465416
11799930
2077305604
97844875
1791106985
1917683749
1621059377
990845647
607306562
735149187
1769209504
1839031010
1774878490
339009929
1215550016
165220905
1105801449
1489527920
340395442
411027101
1243464465
926314239
1476764517
439947318
1416576488
1940991382
1093941599
450146442
1668200181
423937250
1087343136
243181950
435737180
1017165092
341026825
79360517
787365193
1962086202
1070206164
1394671755
549751742
691932020
1086219117
177146584
1030941950
154285486
342367489
2136743399
1643813406
682762932
400286852
739794223
1609077171
1877051369
1179741542
878170011
1670559104
126199493
1328316453
1191275637
550136743
268175942
1434457587
985873923
1285341034
1775484412
1065234440
2072706228
1590086967
2135440605
1319894335
2139838709
679888977
258629805
169501645
1710830927
412915291
511869134
1700090678
2056728697
1194632066
2100377531
649039273
656225589
1829945252
1828780815
1534395601
1353020708
1954980308
715228406
396812698
357633404
983404348
1831270285
1343507327
121261735
1459271050
261258120
46484315
901874369
249215077
1366378650
894229430
929104054
1625008455
1063731075
492451334
2037923746
1575600209
45058364
1947168796
622748628
2145435895
448724421
1278974217
1827897500
130021588
665886170
1033434560
2085001896
1381114577
1430247258
295151652
217035277
1114033896
1638658980
338297012
425821298
1899917100
384781327
1327695667
1648529
1751159978
74441449
930752583
1228684785
1138172524
1423203917
1119124884
566289085
1468262282
918810032
1189037713
1466214529
1367534453
320528283
1146628381
1497556041
986414453
32579294
1435074289
220045382
1462826552
1730225942
437080660
429376800
1221401274
775377672
855198098
973834726
1160159000
35410117
975483255
763835330
109851566
1906235838
1992520115
1248024090
1181956108
964161351
1814313176
502734742
1882971383
855867241
1968949271
1103022188
1176395524
968094005
453094581
15326330
1000673299
1888168871
235371712
316016203
1470911165
672452372
745393004
544828791
1447830045
1600591102
1518663517
460505397
1636001220
346663124
1224340727
1745852786
105415314
1069377194
846393229
1287371422
2033538546
513222757
1790106164
1769026281
1369089998
1611571788
724564822
398001875
432182145
1177659403
413328205
1432855444
918344626
648699917
1748871647
241772143
1321152290
346781003
786600934
621498687
1947372106
157780803
1082004084
1435889678
504443927
158861163
1034258816
609859242
1228238357
1880652045
1897230664
1114293255
246391154
1539853181
735835889
1615481153
1003941321
1460400711
2013483028
1436123466
490576466
279327585
721495262
1408921093
928027502
322883261
1650693236
101696144
669664265
289810523
723194831
469552723
447591326
1805198915
1905442401
952035254
1964060078
792217569
1561894496
1044814788
525385967
1311641512
11624395
771777121
704011045
747460284
239774626
1707952366
60377347
105774006
996592184
550953814
385101591
1718087446
1959874907
1313129094
2040970708
1463084495
1414825238
563151325
1752895018
2138020070
1032704048
53002697
1795735337
790662801
1005037951
1612311768
1582880370
419448799
509642908
2108266337
1731090311
521267303
732559811
287617709
1268727588
972334437
1995570075
1329104935
1078108444
844678612
1880058749
1463210035
415282410
1692450008
628855481
308769470
1008050856
2043680720
871920795
613462226
2034217142
1904624843
666464923
1682468831
547803996
1671502874
1147296951
2130684367
2090951673
1656939859
2091467056
1674558337
30723515
676543219
1962176046
1299451103
1648877657
1810262473
481072390
579502453
507457437
213647492
2042712488
922739848
1906097500
524084322
1231509318
766664708
420281394
2103430114
1380126935
307014888
1860571309
2046591858
1989483719
260891658
1570611085
989297023
244092377
1514079110
498753234
188075785
1041153799
529476749
864619005
855846197
1828927852
366013014
518625023
162516595
945515467
1026082460
376164087
840744307
1948822308
134777939
1364828629
1032847979
901442648
1785110023
988794445
134085935
2092124911
701882106
33194145
1934124983
962773764
1603805230
775938358
1206866141
970400693
1274691592
1394941927
2011554492
1804168342
112077284
719917042
1485612546
