43974979 51786561
59267762 36493778
49228732 46532808
985260 94776280
57141742 38619798
91578440 4183100
42810467 52951073
32641372 63120168
4733172 91028368
807458 94954082
54206127 41555413
15709697 80051843
943968835 32536
947409536 32536
955002880 32536
-1647884825 32767
943968546 32536
947409536 32536
-1647884825 32767
943970914 32536
947409536 32536
-1647884768 32767
-1647884744 32767
943769746 32536
943788340 32536
-8 -1
-1647884832 32767
-1 -1
1 2097152
-1647884824 32767
-1 -1
-1647884768 32767
8 48
-1647884528 32767
-1647884720 32767
943855648 32536
947409536 32536
943974808 32536
-1647884768 32767
943978814 32536
943846850 32536
947408960 32536
-160 -1
-1647884837 32767
947395904 32536
945061612 32536
-1647884744 32767
947408960 32536
-1647885864 32767
16 48
-1647884528 32767
-1647884720 32767
943855648 32536
925906229 959918130
-1647684512 32767
-1647684240 32767
943812601 32536
16 48
-1647884528 32767
-1647884720 32767
-1647884528 32767
947402400 32536
943788340 32536
